<?xml version="1.0"?>
<opencv_storage>
<calibration_Time>"11/07/14 18:52:46"</calibration_Time>
<nrOfFrames>25</nrOfFrames>
<image_Width>640</image_Width>
<image_Height>480</image_Height>
<board_Width>9</board_Width>
<board_Height>6</board_Height>
<square_Size>25.</square_Size>
<FixAspectRatio>1.</FixAspectRatio>
<!-- flags:  +fix_aspectRatio +fix_principal_point +zero_tangent_dist -->
<flagValue>14</flagValue>
<Camera_Matrix type_id="opencv-matrix">
  <rows>3</rows>
  <cols>3</cols>
  <dt>d</dt>
  <data>
    6.7894207238787817e+002 0. 3.1950000000000000e+002 0.
    6.7894207238787817e+002 2.3950000000000000e+002 0. 0. 1.</data></Camera_Matrix>
<Distortion_Coefficients type_id="opencv-matrix">
  <rows>5</rows>
  <cols>1</cols>
  <dt>d</dt>
  <data>
    1.4911675203924243e-001 -1.0298725336427983e+000 0. 0.
    1.6943582018702812e+000</data></Distortion_Coefficients>
<Avg_Reprojection_Error>5.0550043237289788e-001</Avg_Reprojection_Error>
<Per_View_Reprojection_Errors type_id="opencv-matrix">
  <rows>25</rows>
  <cols>1</cols>
  <dt>f</dt>
  <data>
    2.93613195e-001 3.24357361e-001 3.12516242e-001 2.80899763e-001
    2.66482621e-001 3.99436086e-001 4.34514046e-001 4.58192229e-001
    3.19757283e-001 2.90925980e-001 2.97260582e-001 6.30075872e-001
    3.01348388e-001 4.21486408e-001 3.55468571e-001 3.09936225e-001
    4.29100186e-001 1.00448620e+000 5.15543401e-001 5.24040043e-001
    5.94617724e-001 1.18480957e+000 4.65279400e-001 4.13790941e-001
    5.90997934e-001</data></Per_View_Reprojection_Errors>
<!-- a set of 6-tuples (rotation vector + translation vector) for each view -->
<Extrinsic_Parameters type_id="opencv-matrix">
  <rows>25</rows>
  <cols>6</cols>
  <dt>d</dt>
  <data>
    -5.5139086699562423e-001 1.2657735639902989e-001
    6.8077503508431447e-001 -3.7004775788563904e+001
    -1.1348278522881212e+002 4.6009288646626788e+002
    -5.4069634034477643e-001 4.7237242282009151e-002
    4.8088490130835659e-001 -4.8971296815334604e+001
    -1.2448377189246584e+002 4.6689607903856995e+002
    -5.6497762861907597e-001 -3.7403021787275947e-002
    1.6615743308791245e-001 -7.3238345825323208e+001
    -7.7526283211238606e+001 4.4846201267699342e+002
    -5.4838596661203576e-001 -1.7578221609890138e-001
    -2.1790504138901293e-001 -1.2547819913859193e+002
    -5.9579177732073198e+001 4.3278256585745538e+002
    -6.0625943682477368e-001 -2.5986606993929334e-001
    -5.1863206889203051e-001 -1.0953076232959204e+002
    -4.8284699354966932e+001 3.8705649551395470e+002
    -8.0980577205265036e-001 -2.9788677078751252e-001
    -5.7786930451918417e-001 -1.0033505212591641e+002
    -2.9921911036926204e+001 3.4264945508631263e+002
    -9.1699337216204213e-001 -3.7206946513871036e-001
    -5.3588782741120122e-001 -9.8576327541820717e+001
    -1.4600006930229149e+001 2.8639478417608825e+002
    -8.9794980420280990e-001 -3.9400251420262689e-001
    -5.7158772580554773e-001 -1.1379576754985244e+002
    -1.9805178771953738e+001 2.7675884148872683e+002
    -5.8535361731961655e-001 4.5838422042328941e-001
    1.4468454020248849e+000 2.0056939068723658e+001
    -5.9782208259131480e+001 4.3217520600147719e+002
    -4.1659380151761455e-001 4.5507683151530887e-001
    1.4330767289549866e+000 4.5825606109156254e+001
    -1.1207601568633841e+002 4.0185390054880031e+002
    -3.4723147068076099e-001 4.6138380335112600e-001
    1.5085256262206694e+000 8.4845528984741605e+001
    -1.1210070399078323e+002 3.6422522973831025e+002
    -5.3579355946631546e-001 3.9540010476414567e-001
    1.1776980080128043e+000 2.7820276762441640e+001
    -1.2068652259791875e+002 3.8455043948221379e+002
    -6.4245900150521995e-001 4.7054784815183320e-001
    1.0339849043266629e+000 7.4849500794455803e-001
    -1.1379582777459626e+002 3.5530781349512347e+002
    -8.9593099908657148e-001 7.3241287146715861e-001
    1.3595703199764533e+000 3.4271180869713113e+001
    -5.9410851640168943e+001 3.7717378716168412e+002
    -9.5928267757547503e-001 7.5956589357233517e-001
    1.2952656927395723e+000 3.1101446026853800e+001
    -4.2602718972989976e+001 3.9905601844884239e+002
    -9.0078189379348739e-001 4.5437406903133332e-001
    8.8797898496470806e-001 -2.3178879118548814e+001
    -8.9699429658346034e+001 3.8602088133981772e+002
    -9.6412574571665699e-001 2.6036612014596592e-002
    5.3824674064376675e-003 -1.0559332102819410e+002
    -4.3052495303285355e+001 3.8147088003157512e+002
    -1.2461360914119426e-001 5.2538275003698204e-002
    -6.6239576178073190e-002 -9.6790303925433662e+001
    -1.1758275052869323e+002 4.0419181963187339e+002
    -1.5599076576885262e-001 2.5239557901891994e-002
    -1.9361295474576049e-002 -9.8923241265962986e+001
    -6.5439341576900048e+001 3.7101091014597034e+002
    -1.1069637516824941e-001 4.4876495339582517e-002
    -1.2776261615107143e-002 -1.0418454293188576e+002
    -6.1090127201101858e+001 2.8822438750485179e+002
    -6.4446100355357305e-002 5.9960541264622462e-002
    -8.4854325812197921e-003 -1.0135206630222824e+002
    -5.8972027817481610e+001 2.5030969186476503e+002
    2.3300405613107858e-001 -1.6875026814039459e-001
    2.7622936154225494e-002 -8.7023596681175476e+001
    -6.2857206253422611e+001 2.0672098316671656e+002
    4.6396128792458330e-001 -3.0202793221561614e-001
    2.5828715798188861e-002 -7.2315834581248922e+001
    -2.9550417898431505e+001 2.0206133873641133e+002
    5.2271972122869526e-001 -3.6278089914408368e-001
    7.5132515930780280e-003 -7.5783877498365996e+001
    -3.5533099923198321e+001 1.9214158014164002e+002
    4.5753142377069300e-001 -3.8335477073002217e-001
    -3.1719680897127060e-002 -6.9939133218522699e+001
    -4.4882472915561053e+001 1.8886682402269670e+002</data></Extrinsic_Parameters>
